Alternative hypothesis: two-sided 
            Coef. Estimate     SE Null value  t-stat d.f. (Satt) p-val (Satt) Sig.
      (Intercept) -0.02746 0.0224          0 -1.2262        1.28      0.39895     
      FB_strength  0.37297 0.0192          0 19.4459       67.81      < 0.001  ***
 factor(year)1790 -0.16408 0.1618          0 -1.0141        2.00      0.41706     
 factor(year)1791  0.03445 0.0441          0  0.7819        2.00      0.51597     
 factor(year)1792  0.03595 0.0430          0  0.8354        2.00      0.49123     
 factor(year)1793  0.03595 0.0430          0  0.8354        2.00      0.49123     
 factor(year)1794  0.03405 0.0440          0  0.7747        2.00      0.51940     
 factor(year)1795  0.03519 0.0449          0  0.7828        2.00      0.51553     
 factor(year)1796 -0.01577 0.1351          0 -0.1167        4.01      0.91271     
 factor(year)1797  0.10312 0.0799          0  1.2903        3.01      0.28719     
 factor(year)1798  0.10467 0.0777          0  1.3472        3.01      0.27041     
 factor(year)1799  0.03351 0.0407          0  0.8241        2.00      0.49635     
 factor(year)1800  0.08637 0.0824          0  1.0477        2.01      0.40448     
 factor(year)1801 -0.05741 0.1565          0 -0.3668        3.01      0.73804     
 factor(year)1802 -0.06181 0.1569          0 -0.3939        3.01      0.71995     
 factor(year)1803  0.08166 0.0850          0  0.9604        2.01      0.43796     
 factor(year)1804  0.08552 0.0829          0  1.0318        2.01      0.41036     
 factor(year)1805  0.14561 0.0850          0  1.7130        3.01      0.18498     
 factor(year)1806 -0.05828 0.1555          0 -0.3748        3.01      0.73266     
 factor(year)1807 -0.05828 0.1555          0 -0.3748        3.01      0.73266     
 factor(year)1808  0.08680 0.0822          0  1.0559        2.01      0.40149     
 factor(year)1809  0.08595 0.0826          0  1.0410        2.01      0.40694     
 factor(year)1810 -0.05928 0.1558          0 -0.3805        3.01      0.72886     
 factor(year)1811  0.08327 0.0840          0  0.9913        2.01      0.42578     
 factor(year)1812 -0.06054 0.1586          0 -0.3818        3.01      0.72799     
 factor(year)1813 -0.00766 0.1119          0 -0.0685        3.01      0.94971     
 factor(year)1814 -0.00869 0.1119          0 -0.0777        3.01      0.94294     
 factor(year)1815 -0.04212 0.0660          0 -0.6377        4.01      0.55825     
 factor(year)1816 -0.06687 0.0659          0 -1.0153        4.01      0.36723     
 factor(year)1817 -0.06729 0.0654          0 -1.0291        4.01      0.36145     
 factor(year)1818 -0.06625 0.1005          0 -0.6594        6.02      0.53402     
 factor(year)1819 -0.00346 0.0656          0 -0.0527        7.02      0.95942     
 factor(year)1820 -0.01304 0.0825          0 -0.1582        9.03      0.87781     
 factor(year)1821  0.03451 0.0657          0  0.5253        8.03      0.61358     
 factor(year)1822  0.00971 0.0645          0  0.1505        9.03      0.88370     
 factor(year)1823  0.01098 0.0647          0  0.1698        9.03      0.86893     
 factor(year)1824  0.01299 0.0650          0  0.1999        9.03      0.84600     
 factor(year)1825 -0.02530 0.0772          0 -0.3277       10.03      0.74985     
 factor(year)1826 -0.01228 0.1064          0 -0.1155       12.04      0.90998     
 factor(year)1827  0.02732 0.1074          0  0.2542       11.04      0.80399     
 factor(year)1828  0.02553 0.1076          0  0.2373       11.04      0.81679     
 factor(year)1829  0.02573 0.1076          0  0.2391       11.04      0.81542     
 factor(year)1830 -0.01059 0.0981          0 -0.1080       13.04      0.91561     
 factor(year)1831 -0.01706 0.1010          0 -0.1689       15.02      0.86809     
 factor(year)1832  0.04205 0.1005          0  0.4186       15.04      0.68145     
 factor(year)1833 -0.06020 0.1081          0 -0.5571       16.04      0.58518     
 factor(year)1834 -0.07197 0.1033          0 -0.6970       17.04      0.49520     
 factor(year)1835 -0.07550 0.0991          0 -0.7617       18.03      0.45610     
 factor(year)1836 -0.08115 0.1020          0 -0.7953       18.02      0.43676     
 factor(year)1837 -0.07206 0.0987          0 -0.7299       18.03      0.47482     
 factor(year)1838 -0.04971 0.1016          0 -0.4895       17.04      0.63071     
 factor(year)1839 -0.04097 0.0967          0 -0.4235       18.04      0.67691     
 factor(year)1840 -0.01857 0.0903          0 -0.2056       18.04      0.83939     
 factor(year)1841 -0.09163 0.0876          0 -1.0457       21.96      0.30708     
 factor(year)1842 -0.07456 0.0816          0 -0.9138       20.02      0.37169     
 factor(year)1843 -0.07835 0.0719          0 -1.0890       21.96      0.28794     
 factor(year)1844 -0.09893 0.0789          0 -1.2542       23.91      0.22189     
 factor(year)1845 -0.14056 0.0839          0 -1.6747       23.92      0.10702     
 factor(year)1846 -0.16628 0.0835          0 -1.9920       24.86      0.05746    .
 factor(year)1847 -0.16145 0.0815          0 -1.9820       24.87      0.05863    .
 factor(year)1848 -0.04444 0.0771          0 -0.5762       30.47      0.56869     
 factor(year)1849 -0.04087 0.0767          0 -0.5331       30.44      0.59783     
 factor(year)1850 -0.02307 0.0736          0 -0.3135       28.59      0.75620     
 factor(year)1851 -0.01381 0.0737          0 -0.1873       28.59      0.85272     
 factor(year)1852 -0.01652 0.0692          0 -0.2387       30.46      0.81294     
 factor(year)1853 -0.00366 0.0687          0 -0.0533       30.51      0.95785     
 factor(year)1854  0.00277 0.0700          0  0.0395       29.56      0.96875     
 factor(year)1855 -0.01027 0.0698          0 -0.1471       30.51      0.88400     
 factor(year)1856 -0.01323 0.0694          0 -0.1905       32.29      0.85011     
 factor(year)1857  0.00724 0.0741          0  0.0977       33.14      0.92280     
 factor(year)1858  0.03080 0.0693          0  0.4447       34.19      0.65934     
 factor(year)1859  0.00842 0.0704          0  0.1196       36.65      0.90544     
 factor(year)1860  0.01565 0.0743          0  0.2105       31.31      0.83462     
 factor(year)1861  0.03923 0.0685          0  0.5730       33.19      0.57049     
 factor(year)1862 -0.00744 0.0802          0 -0.0929       31.36      0.92659     
 factor(year)1863  0.00361 0.0758          0  0.0476       33.13      0.96233     
 factor(year)1864 -0.03534 0.0796          0 -0.4442       33.13      0.65981     
 factor(year)1865 -0.03831 0.0726          0 -0.5276       34.91      0.60110     
 factor(year)1866  0.01982 0.0814          0  0.2436       34.09      0.80898     
 factor(year)1867 -0.07670 0.0653          0 -1.1745       32.22      0.24879     
 factor(year)1868 -0.12135 0.0731          0 -1.6594       31.33      0.10702     
 factor(year)1869 -0.09591 0.0642          0 -1.4942       31.33      0.14513     
 factor(year)1870 -0.10424 0.0627          0 -1.6615       32.29      0.10629     
 factor(year)1871 -0.11386 0.0603          0 -1.8890       34.96      0.06721    .
 factor(year)1872 -0.15870 0.0609          0 -2.6062       32.27      0.01374    *
 factor(year)1873 -0.16654 0.0630          0 -2.6424       31.38      0.01273    *
 factor(year)1874 -0.19531 0.0653          0 -2.9927       34.06      0.00512   **
 factor(year)1875 -0.16373 0.0639          0 -2.5630       31.32      0.01540    *
 factor(year)1876 -0.17477 0.0605          0 -2.8911       32.25      0.00682   **
 factor(year)1877 -0.16231 0.0604          0 -2.6865       29.41      0.01175    *
 factor(year)1878 -0.15531 0.0608          0 -2.5562       29.41      0.01600    *
 factor(year)1879 -0.14839 0.0614          0 -2.4171       30.40      0.02185    *
 factor(year)1880 -0.13542 0.0577          0 -2.3450       32.27      0.02534    *
 factor(year)1881 -0.10637 0.0607          0 -1.7521       30.44      0.08982    .
 factor(year)1882 -0.11797 0.0610          0 -1.9334       32.23      0.06201    .
 factor(year)1883 -0.11814 0.0609          0 -1.9392       32.23      0.06127    .
 factor(year)1884 -0.12567 0.0599          0 -2.0995       32.31      0.04367    *
 factor(year)1885 -0.13548 0.0631          0 -2.1455       33.16      0.03933    *
 factor(year)1886 -0.12660 0.0662          0 -1.9132       32.22      0.06465    .
 factor(year)1887 -0.12710 0.0577          0 -2.2030       31.30      0.03508    *
 factor(year)1888 -0.15290 0.0592          0 -2.5848       32.31      0.01446    *
 factor(year)1889 -0.14823 0.0593          0 -2.4975       33.21      0.01764    *
 factor(year)1890 -0.13247 0.0596          0 -2.2209       34.02      0.03312    *
 factor(year)1891 -0.13798 0.0549          0 -2.5137       35.00      0.01670    *
 factor(year)1892 -0.15527 0.0545          0 -2.8471       36.59      0.00719   **
 factor(year)1893 -0.20754 0.0444          0 -4.6695       36.63      < 0.001  ***
 factor(year)1894 -0.17990 0.0466          0 -3.8595       36.59      < 0.001  ***
 factor(year)1895 -0.16575 0.0480          0 -3.4519       36.55      0.00142   **
 factor(year)1896 -0.17476 0.0466          0 -3.7487       35.75      < 0.001  ***
 factor(year)1897 -0.19999 0.0492          0 -4.0626       35.79      < 0.001  ***
 factor(year)1898 -0.17989 0.0496          0 -3.6262       36.71      < 0.001  ***
 factor(year)1899 -0.18670 0.0498          0 -3.7494       36.60      < 0.001  ***
 factor(year)1900 -0.14835 0.0603          0 -2.4596       39.13      0.01843    *
 factor(year)1901 -0.15839 0.0550          0 -2.8793       40.93      0.00631   **
 factor(year)1902 -0.13597 0.0572          0 -2.3765       40.81      0.02225    *
 factor(year)1903 -0.13645 0.0577          0 -2.3646       40.60      0.02291    *
 factor(year)1904 -0.14528 0.0572          0 -2.5381       41.58      0.01498    *
 factor(year)1905 -0.14414 0.0547          0 -2.6365       44.71      0.01148    *
 factor(year)1906 -0.13462 0.0541          0 -2.4904       43.90      0.01662    *
 factor(year)1907 -0.11455 0.0525          0 -2.1824       42.95      0.03460    *
 factor(year)1908 -0.13514 0.0535          0 -2.5242       44.50      0.01524    *
 factor(year)1909 -0.12122 0.0532          0 -2.2773       43.87      0.02770    *
 factor(year)1910 -0.10160 0.0517          0 -1.9665       44.41      0.05551    .
 factor(year)1911 -0.08528 0.0515          0 -1.6558       46.57      0.10448     
 factor(year)1912 -0.13423 0.0527          0 -2.5448       48.29      0.01418    *
 [ reached 'max' / getOption("max.print") -- omitted 112 rows ]
